line_properties:
  stage_0:
    Resistance_L: 500.0
    Resistance_R: 500.0
    Resistance_D: 250.0

    Capacitance_L: 9.752645604714779e-11
    Capacitance_R: 5.6365307967548865e-15
    Capacitance_D: 9.753209257794455e-11

    Capacitance_LR: 0.0
    Capacitance_LD: 0.0
    Capacitance_RD: 0.0

  stage_1:
    Resistance_L: 1200.0
    Resistance_R: 1200.0
    Resistance_D: 600.0

    Capacitance_L: 2.2e-9
    Capacitance_R: 2.2e-9
    Capacitance_D: 4.4e-9

    Capacitance_LR: 0.0
    Capacitance_LD: 0.0
    Capacitance_RD: 0.0

  stage_2:
    Resistance_L: 100.0
    Resistance_R: 100.0
    Resistance_D: 50.0

    Capacitance_L: 1.0e-09
    Capacitance_R: 1.0e-09
    Capacitance_D: 2.0e-09

    Capacitance_LR: 0.0
    Capacitance_LD: 0.0
    Capacitance_RD: 0.0

  stage_3:
    Resistance_L: 27.0
    Resistance_R: 35.0
    Resistance_D: 11.0

    Capacitance_L: 2.165202067032411e-09
    Capacitance_R: 2.442283607444079e-09
    Capacitance_D: 4.60748567447649e-09

    Capacitance_LR: 1.2280825094367557e-11
    Capacitance_LD: 2.4561650188735115e-11
    Capacitance_RD: 2.4561650188735115e-11

amplifier_properties:
  amplifier_left:
    input_impedance_0: 33.0
    GWBP: 600.0e+6
    gain: 1.0e+7
    fcut: 1.0e+3

  amplifier_right:
    input_impedance_0: 33.0
    GWBP: 600.0e+6
    gain: 1.0e+7
    fcut: 1.0e+3

  setting_table:
    gain:
      1.0e+6:
        fcut: 300.0e+3
      1.0e+7:
        fcut: 60.0e+3
      1.0e+8:
        fcut: 20.0e+3
      1.0e+0:
        fcut: 1.5e+3
    fcut:
      10.0e+3:
        rise_time: 45.0e-6
      3.0e+3:
        rise_time: 100.0e-6
      1.0e+3:
        rise_time: 280.0e-6

voltage_source_properties:
  filters_left:
    filter_amp_3dB: 10000.0
  filters_left_phaseless:
    filter_amp_3dB: 10000.0
  filters_right:
    filter_amp_3dB: 10000.0
  filters_right_phaseless:
    filter_amp_3dB: 10000.0
