line_properties:
  stage_0:
    Resistance_L: 500
    Resistance_R: 500
    Resistance_D: 250

    Capacitance_L: 9.65813220274135e-10
    Capacitance_R: 1.134419166852046e-09
    Capacitance_D: 2.100232387126181e-09

    Capacitance_LR: 0
    Capacitance_LD: 0
    Capacitance_RD: 0

  stage_1:
    Resistance_L: 1200
    Resistance_R: 1200
    Resistance_D: 600

    Capacitance_L: 2.2e-9
    Capacitance_R: 2.2e-9
    Capacitance_D: 4.4e-9

    Capacitance_LR: 0
    Capacitance_LD: 0
    Capacitance_RD: 0

  stage_2:
    Resistance_L: 100
    Resistance_R: 100
    Resistance_D: 50

    Capacitance_L: 2.3920541015510735e-09
    Capacitance_R: 2.1034622285955945e-09
    Capacitance_D: 4.495516330146668e-09

    Capacitance_LR: 0
    Capacitance_LD: 0
    Capacitance_RD: 0

  stage_3:
    Resistance_L: 129.590983381564
    Resistance_R: 122.44832171946223
    Resistance_D: 51.631444245823104

    Capacitance_L: 0
    Capacitance_R: 0
    Capacitance_D: 0

    Capacitance_LR: 3.2006320059051e-11
    Capacitance_LD: 6.4012640118102e-11
    Capacitance_RD: 6.4012640118102e-11

amplifier_properties:
  amplifier_left:
    input_impedance_0: 33.0
    GWBP: 600.0e+6
    gain: 1.0e+7
    fcut: 3.0e+3

  amplifier_right:
    input_impedance_0: 33.0
    GWBP: 600.0e+6
    gain: 1.0e+7
    fcut: 3.0e+3

  setting_table:
    gain:
      1.0e+6:
        fcut: 300.0e+3
      1.0e+7:
        fcut: 90.0e+3
      1.0e+8:
        fcut: 20.0e+3
      1.0e+9:
        fcut: 1.2e+3
    fcut:
      10.0e+3:
        rise_time: 34.4e-6
      3.0e+3:
        rise_time: 115.0e-6
      1.0e+3:
        rise_time: 344.0e-6

voltage_source_properties:
  filters_left:
    filter_amp_3dB: 10.0e+3
  filters_right:
    filter_amp_3dB: 10.0e+3
